0.0007794670021653482 [49, 49, 51]
0.0009521822742889563 [48, 48, 52]
0.0009900195480192124 [47, 47, 53]
0.0013431620655961196 [46, 46, 54]
0.001443881905871341 [45, 45, 55]
0.0026209579660310886 [44, 44, 56]
0.00313480006356016 [43, 43, 57]
0.003198001202714474 [42, 42, 58]
0.004656729097645188 [41, 41, 59]
0.005057308421792727 [40, 40, 60]
0.007298865117407181 [39, 39, 61]
0.009408876790435491 [38, 38, 62]
0.009601056280593349 [37, 37, 63]
0.009620748625168379 [36, 36, 64]
0.009801472300999783 [35, 35, 65]
0.01083641813533872 [34, 34, 66]
0.01110651109429245 [33, 33, 67]
0.012007039587250603 [32, 32, 68]
0.014540159012625552 [31, 31, 69]
0.01500947157252513 [30, 30, 70]
0.015694009343401535 [29, 29, 71]
0.01690703201641291 [28, 28, 72]
0.017199719903064837 [27, 27, 73]
0.017670655104470797 [26, 26, 74]
0.0178180378159702 [25, 25, 75]
0.018614377962346548 [24, 24, 76]
0.01927375779861573 [23, 23, 77]
0.01999691246421503 [22, 22, 78]
0.023452130403525534 [21, 21, 79]
0.02427058830189553 [20, 20, 80]
0.02467574473186929 [19, 19, 81]
0.025140745123804285 [20, 20, 80]
0.030851937977987572 [19, 19, 81]
0.032144725036236485 [18, 18, 82]
0.036977484672673144 [19, 19, 81]
0.03869623615545129 [20, 20, 80]
0.04001633849904047 [19, 19, 81]
0.04836257372067782 [18, 18, 82]
0.048751097311144374 [19, 19, 81]
0.0490403807669268 [18, 18, 82]
0.04947416964717259 [19, 19, 81]
0.053727293584796325 [20, 20, 80]
0.0544296809408981 [19, 19, 81]
0.05759831560082892 [18, 18, 82]
0.06019001073980982 [17, 17, 83]
0.068313355282786 [16, 16, 84]
0.06874307618659818 [15, 15, 85]
0.06988739817612655 [14, 14, 86]
0.07174059202264717 [13, 13, 87]
0.0752522871676521 [12, 12, 88]
0.07766416785556231 [13, 13, 87]
0.09124994362707115 [12, 12, 88]
0.09462883694103415 [11, 11, 89]
0.09759270717891326 [10, 10, 90]
0.09928582272261278 [11, 11, 89]
0.10140286575854389 [12, 12, 88]
0.11247051391787942 [11, 11, 89]
0.11817787225579585 [10, 10, 90]
0.12421594022929913 [11, 11, 89]
0.1281575771746027 [10, 10, 90]
0.13516897129639943 [11, 11, 89]
0.1454461293660362 [10, 10, 90]
0.1481247921846236 [11, 11, 89]
0.14939697162659138 [12, 12, 88]
0.15248985045310098 [11, 11, 89]
0.1551852507763116 [10, 10, 90]
0.1682581091686291 [11, 11, 89]
0.16966789043870587 [10, 10, 90]
0.17374696076143098 [9, 9, 91]
0.1859970586652945 [8, 8, 92]
0.18941924873749563 [7, 7, 93]
0.19608878915544634 [6, 6, 94]
0.22139285931745972 [5, 5, 95]
0.22533215729391154 [6, 6, 94]
0.22695107883204635 [7, 7, 93]
0.24657623692821667 [8, 8, 92]
0.24862486574688988 [7, 7, 93]
0.2585555684453846 [6, 6, 94]
0.2650514299597932 [7, 7, 93]
0.2762815334755648 [8, 8, 92]
0.2785218277400641 [9, 9, 91]
0.2814323889491197 [10, 10, 90]
0.2833693754951221 [9, 9, 91]
0.2870829624360658 [10, 10, 90]
0.2878964918253867 [9, 9, 91]
0.29366975124512446 [10, 10, 90]
0.2985295906848401 [9, 9, 91]
0.30712021454421445 [10, 10, 90]
0.31347450393884785 [9, 9, 91]
0.31422947927331935 [8, 8, 92]
0.3190561106738143 [9, 9, 91]
0.3269224645025637 [8, 8, 92]
0.3346500925291343 [9, 9, 91]
0.35042210033773524 [8, 8, 92]
0.3639067839094744 [7, 7, 93]
0.36581122010847017 [6, 6, 94]
0.3672036543641505 [7, 7, 93]
0.39139954916003095 [6, 6, 94]
0.3957397603429356 [5, 5, 95]
0.42907071600126867 [4, 4, 96]
0.43882753838845534 [5, 5, 95]
0.4519947655621504 [6, 6, 94]
0.4552737323405525 [7, 7, 93]
0.4599815533736444 [6, 6, 94]
0.4652614853730078 [5, 5, 95]
0.4655902650915676 [6, 6, 94]
0.47310558660454327 [7, 7, 93]
0.5024518771146679 [8, 8, 92]
0.505950153728715 [9, 9, 91]
0.517177093809298 [10, 10, 90]
0.5173492482113051 [11, 11, 89]
0.5187025825751135 [10, 10, 90]
0.5226700447721846 [11, 11, 89]
0.5258460269491007 [10, 10, 90]
0.5312700901476779 [9, 9, 91]
0.5313061469375228 [8, 8, 92]
0.5360751178376949 [9, 9, 91]
0.5439907374430561 [8, 8, 92]
0.5444858238760609 [9, 9, 91]
0.5488992649431259 [10, 10, 90]
0.5687294434139103 [9, 9, 91]
0.5754665065046085 [8, 8, 92]
0.5772260114250729 [7, 7, 93]
0.5910827790897398 [8, 8, 92]
0.6238581241521465 [7, 7, 93]
0.628829370462177 [8, 8, 92]
0.6321823723595654 [7, 7, 93]
0.6380359677592998 [6, 6, 94]
0.6442716212431028 [7, 7, 93]
0.6466404444695525 [6, 6, 94]
0.6536858811837855 [5, 5, 95]
0.6553557060901053 [6, 6, 94]
0.6721115752702989 [7, 7, 93]
0.6772533598652696 [6, 6, 94]
0.683233574644484 [7, 7, 93]
0.6955260826592599 [6, 6, 94]
0.7142182827513323 [5, 5, 95]
0.7169670803887476 [6, 6, 94]
0.7375630595743058 [7, 7, 93]
0.7415705671693857 [6, 6, 94]
0.7459407943855476 [7, 7, 93]
0.7490247697413611 [8, 8, 92]
0.7492776814483373 [9, 9, 91]
0.750692719435045 [10, 10, 90]
0.7536111763850121 [11, 11, 89]
0.7537230717552469 [10, 10, 90]
0.7563652135959005 [11, 11, 89]
0.7568538777691132 [12, 12, 88]
0.7660629612170986 [11, 11, 89]
0.7716215843964659 [10, 10, 90]
0.7845013409823034 [9, 9, 91]
0.7932699919836531 [8, 8, 92]
0.7943225872044997 [9, 9, 91]
0.7992651499727348 [8, 8, 92]
0.8042742064878404 [7, 7, 93]
0.8175625780280632 [6, 6, 94]
0.8186183351816474 [7, 7, 93]
0.8288115679921381 [8, 8, 92]
0.8299979124920008 [7, 7, 93]
0.830780637376977 [6, 6, 94]
0.8352893386654923 [7, 7, 93]
0.8450144662204808 [6, 6, 94]
0.8572439579524983 [7, 7, 93]
0.8579428366341822 [8, 8, 92]
0.8754088823774595 [9, 9, 91]
0.8764713062812919 [10, 10, 90]
0.8794272860365502 [11, 11, 89]
0.8842295061714607 [10, 10, 90]
0.8911175596335261 [9, 9, 91]
0.9043088955944645 [10, 10, 90]
0.9065677109062262 [11, 11, 89]
0.921126700025405 [10, 10, 90]
0.9223675639599445 [9, 9, 91]
0.9237825186684555 [10, 10, 90]
0.924370501630492 [11, 11, 89]
0.9312649405569098 [12, 12, 88]
0.9431207386753645 [11, 11, 89]
0.9480761408624281 [10, 10, 90]
0.9516861749065579 [11, 11, 89]
0.9566647934618174 [10, 10, 90]
0.9617189650551494 [11, 11, 89]
0.9625707321242005 [12, 12, 88]
0.9635034684032655 [11, 11, 89]
0.9697146463733681 [10, 10, 90]
0.9792156307067841 [11, 11, 89]
0.9826716889024336 [10, 10, 90]
0.9949902041881753 [9, 9, 91]
0.9967379822607367 [8, 8, 92]
0.9985509813061252 [7, 7, 93]
1.0051370346118613 [8, 8, 92]
1.0063018608410843 [9, 9, 91]
1.0117586174308524 [10, 10, 90]
1.0266191373299973 [9, 9, 91]
1.0307571960709434 [10, 10, 90]
1.0370062755558678 [9, 9, 91]
1.037175410821218 [10, 10, 90]
1.045446394609151 [11, 11, 89]
1.0472184823458983 [12, 12, 88]
1.047579277995216 [13, 13, 87]
1.0484272096635183 [12, 12, 88]
1.0494393162145499 [13, 13, 87]
1.0501391588602795 [14, 14, 86]
1.0596773360851672 [13, 13, 87]
1.060656390958263 [14, 14, 86]
1.0624388843047308 [13, 13, 87]
1.0657984513509722 [12, 12, 88]
1.0745652540565198 [13, 13, 87]
1.0748181870210385 [14, 14, 86]
1.0765314402826183 [13, 13, 87]
1.078194454205321 [12, 12, 88]
1.080261329819585 [11, 11, 89]
1.0813062395372723 [10, 10, 90]
1.0923650905928834 [11, 11, 89]
1.092528489118427 [12, 12, 88]
1.0955391293390315 [13, 13, 87]
1.098569678045951 [12, 12, 88]
1.1004337592505526 [13, 13, 87]
1.1061592948035734 [12, 12, 88]
1.1278820846339837 [11, 11, 89]
1.1288413328787252 [12, 12, 88]
1.1302457433424935 [11, 11, 89]
1.1319686029861893 [12, 12, 88]
1.1368059850807095 [11, 11, 89]
1.137475246156117 [12, 12, 88]
1.138439656503882 [11, 11, 89]
1.1536573768487626 [12, 12, 88]
1.159587470966986 [13, 13, 87]
1.1620726413357836 [12, 12, 88]
1.1634496907357994 [11, 11, 89]
1.1644355807274902 [10, 10, 90]
1.1842577844097206 [11, 11, 89]
1.1911109769152486 [10, 10, 90]
1.1911869837698281 [9, 9, 91]
1.1931542873356829 [10, 10, 90]
1.200246774788726 [11, 11, 89]
1.20063356916624 [12, 12, 88]
1.2024131965879608 [11, 11, 89]
1.202726442117065 [12, 12, 88]
1.207416601023253 [11, 11, 89]
1.2131047810255087 [10, 10, 90]
1.223178065190545 [9, 9, 91]
1.2349830659112853 [10, 10, 90]
1.2399132238434443 [11, 11, 89]
1.2412567567416057 [10, 10, 90]
1.246992171724095 [11, 11, 89]
1.2567174904920888 [12, 12, 88]
1.2634885677816166 [11, 11, 89]
1.2731657039919577 [10, 10, 90]
1.2769130844740864 [9, 9, 91]
1.278113189815774 [10, 10, 90]
1.2817979899436118 [11, 11, 89]
1.2860684504793147 [10, 10, 90]
1.2871676422612632 [11, 11, 89]
1.2878065548981463 [10, 10, 90]
1.289373442084671 [9, 9, 91]
1.2899256250114064 [8, 8, 92]
1.3003440626579632 [9, 9, 91]
1.3054987273390222 [10, 10, 90]
1.31591513735468 [11, 11, 89]
1.32211821050026 [10, 10, 90]
1.3239721787011403 [9, 9, 91]
1.3243049015860422 [10, 10, 90]
1.325005125877782 [11, 11, 89]
1.330642655262952 [12, 12, 88]
1.330821845597313 [13, 13, 87]
1.3415571636341663 [14, 14, 86]
1.3467924206316566 [13, 13, 87]
1.3468727043382778 [12, 12, 88]
1.349422471001796 [11, 11, 89]
1.353158799940888 [10, 10, 90]
1.3585504239899084 [11, 11, 89]
1.361046109645286 [10, 10, 90]
1.3641704972809858 [9, 9, 91]
1.3695680677444033 [10, 10, 90]
1.3735270072730432 [9, 9, 91]
1.3742472546130327 [8, 8, 92]
1.3761051664474244 [7, 7, 93]
1.3784871095730071 [8, 8, 92]
1.3805847388478636 [7, 7, 93]
1.3807467901014385 [8, 8, 92]
1.3985056193821825 [7, 7, 93]
1.4002593902208749 [8, 8, 92]
1.408539299866145 [9, 9, 91]
1.4245534026227562 [10, 10, 90]
1.427805919875373 [11, 11, 89]
1.4308194274245243 [12, 12, 88]
1.4377985490398697 [11, 11, 89]
1.441349031509522 [12, 12, 88]
1.447882367847067 [13, 13, 87]
1.4492754634311145 [12, 12, 88]
1.4492759570748868 [13, 13, 87]
1.449977618692098 [12, 12, 88]
1.4547730119941773 [13, 13, 87]
1.4555234633648981 [14, 14, 86]
1.456209761316781 [13, 13, 87]
1.4597380978451429 [12, 12, 88]
1.4729205305727522 [11, 11, 89]
1.4729393441830083 [12, 12, 88]
1.4789425765274196 [11, 11, 89]
1.4828658253765157 [12, 12, 88]
1.4831942731661547 [11, 11, 89]
1.4838803988345677 [10, 10, 90]
1.5051586401107322 [9, 9, 91]
1.5074896025751523 [10, 10, 90]
1.5086124045113194 [9, 9, 91]
1.5098165127051173 [10, 10, 90]
1.5109836525124145 [9, 9, 91]
1.5147046349779043 [8, 8, 92]
1.515488175965001 [9, 9, 91]
1.5171828020280838 [8, 8, 92]
1.5240625420807228 [7, 7, 93]
1.5277085788078384 [8, 8, 92]
1.5361239809361882 [9, 9, 91]
1.5427589700570954 [8, 8, 92]
1.5593885354567982 [9, 9, 91]
1.5662567665026148 [8, 8, 92]
1.5697455027304983 [9, 9, 91]
1.5740413209055288 [10, 10, 90]
1.5831428281176043 [9, 9, 91]
1.589150249233558 [10, 10, 90]
1.5922424878871764 [9, 9, 91]
1.5948866655037524 [10, 10, 90]
1.6097421372504486 [9, 9, 91]
1.6135183728407148 [10, 10, 90]
1.619312755027204 [11, 11, 89]
1.6332009982070335 [10, 10, 90]
1.6372074306598272 [9, 9, 91]
1.6426849483815724 [10, 10, 90]
1.6439001823655095 [9, 9, 91]
1.6447947026754959 [10, 10, 90]
1.6475262624720692 [9, 9, 91]
1.651014980134488 [8, 8, 92]
1.6522254142194164 [7, 7, 93]
1.657789973563605 [6, 6, 94]
1.6609405638361736 [7, 7, 93]
1.66420398570635 [6, 6, 94]
1.6694237128156402 [7, 7, 93]
1.6831860336650852 [8, 8, 92]
1.6846609373509418 [9, 9, 91]
1.6859951600342318 [8, 8, 92]
1.6896209096840304 [7, 7, 93]
1.6966548456277548 [6, 6, 94]
1.7153021824537777 [7, 7, 93]
1.7165328220050025 [8, 8, 92]
1.716948203603716 [9, 9, 91]
1.7194890462828942 [10, 10, 90]
1.736855854238965 [11, 11, 89]
1.7585190010744347 [12, 12, 88]
1.767573476163777 [11, 11, 89]
1.7723813315050099 [10, 10, 90]
1.77733883963133 [9, 9, 91]
1.7814629638489483 [8, 8, 92]
1.784241064119221 [9, 9, 91]
1.7916452130389635 [10, 10, 90]
1.7952299360359296 [11, 11, 89]
1.798485621225127 [10, 10, 90]
1.8086139964985757 [9, 9, 91]
1.8105653682235345 [8, 8, 92]
1.8130605488791705 [7, 7, 93]
1.821385526231582 [8, 8, 92]
1.8248334965236244 [9, 9, 91]
1.829704948241925 [10, 10, 90]
1.8331494731953772 [11, 11, 89]
1.8335763746278275 [12, 12, 88]
1.835392755891201 [11, 11, 89]
1.8373191789585304 [12, 12, 88]
1.840723406536855 [13, 13, 87]
1.841502057450368 [12, 12, 88]
1.8429570665255746 [11, 11, 89]
1.8684151945716592 [12, 12, 88]
1.8690231045290857 [11, 11, 89]
1.8739629361109518 [10, 10, 90]
1.8750421887482698 [11, 11, 89]
1.879155352546262 [10, 10, 90]
1.8875612357813596 [9, 9, 91]
1.8889018741854777 [10, 10, 90]
1.8897383241332253 [9, 9, 91]
1.8943319965616072 [10, 10, 90]
1.8965022820229758 [9, 9, 91]
1.9000839290436846 [10, 10, 90]
1.9098042697786284 [11, 11, 89]
1.9193063915325075 [10, 10, 90]
1.9203089725890854 [9, 9, 91]
1.9241335956402015 [10, 10, 90]
1.9287380236555054 [11, 11, 89]
1.9328122824903238 [10, 10, 90]
1.939405076464175 [9, 9, 91]
1.9406032167930447 [8, 8, 92]
1.9608299084840262 [7, 7, 93]
1.9622563938262916 [8, 8, 92]
1.9697762734780484 [7, 7, 93]
1.9837011613762614 [6, 6, 94]
2.00039532003782 [7, 7, 93]
2.0020463581859116 [8, 8, 92]
2.002413076306648 [9, 9, 91]
2.008912518416475 [8, 8, 92]
2.01794374041699 [9, 9, 91]
2.018118372683724 [8, 8, 92]
2.0183335461878085 [7, 7, 93]
2.020830456477298 [6, 6, 94]
2.034095038450155 [7, 7, 93]
2.0370206564137687 [8, 8, 92]
2.0464022229578114 [9, 9, 91]
2.0555376167139494 [8, 8, 92]
2.070306094735773 [7, 7, 93]
2.084635579587117 [8, 8, 92]
2.108476347774662 [7, 7, 93]
2.1179437222173325 [6, 6, 94]
2.118041760481607 [7, 7, 93]
2.1481102024834677 [8, 8, 92]
2.151727530483198 [9, 9, 91]
2.1566462488643854 [8, 8, 92]
2.160627207312977 [9, 9, 91]
2.163352698723091 [8, 8, 92]
2.164663234127229 [7, 7, 93]
2.1756601712009713 [8, 8, 92]
2.1771161496800184 [7, 7, 93]
2.1852746796383067 [8, 8, 92]
2.195007786660707 [7, 7, 93]
2.201037285447428 [8, 8, 92]
2.2190290159721484 [7, 7, 93]
2.2195910209144376 [8, 8, 92]
2.2215418946351293 [7, 7, 93]
2.2251540374879606 [6, 6, 94]
2.225602735059446 [7, 7, 93]
2.2358596762465917 [8, 8, 92]
2.242913640087196 [9, 9, 91]
2.246733936020558 [10, 10, 90]
2.24677426360535 [9, 9, 91]
2.2471618949082344 [10, 10, 90]
2.2511214132699937 [9, 9, 91]
2.253890246010396 [8, 8, 92]
2.2550435983286845 [7, 7, 93]
2.2566594045404456 [8, 8, 92]
2.258661925242171 [7, 7, 93]
2.266899019864273 [8, 8, 92]
2.2726540056615696 [7, 7, 93]
2.2851050241362634 [8, 8, 92]
2.2866125033210603 [9, 9, 91]
2.2901684380483553 [8, 8, 92]
2.3058816855549646 [9, 9, 91]
2.309570401677651 [8, 8, 92]
2.3115133139291215 [7, 7, 93]
2.3159252527552057 [8, 8, 92]
2.3199260482262964 [7, 7, 93]
2.3471790397930294 [8, 8, 92]
2.3573481542417927 [9, 9, 91]
2.3595171637633627 [8, 8, 92]
2.3602917595960617 [7, 7, 93]
2.3605554284964123 [8, 8, 92]
2.3643597979593625 [7, 7, 93]
2.3677283972066077 [8, 8, 92]
2.370534902543209 [7, 7, 93]
2.3824565877795716 [6, 6, 94]
2.383273914964063 [5, 5, 95]
2.387730713269286 [6, 6, 94]
2.4010135314947205 [7, 7, 93]
2.4044338104742757 [8, 8, 92]
2.406173565810352 [9, 9, 91]
2.406495233088502 [8, 8, 92]
2.416205351076766 [7, 7, 93]
2.4247929950543856 [8, 8, 92]
2.4303284336558426 [9, 9, 91]
2.4328688540565975 [10, 10, 90]
2.434348738065885 [9, 9, 91]
2.459868862545773 [10, 10, 90]
2.4625752993223995 [11, 11, 89]
2.4659399506935182 [10, 10, 90]
2.473618977035207 [9, 9, 91]
2.4814223962525492 [10, 10, 90]
2.4828827974928127 [9, 9, 91]
2.4874011330922645 [10, 10, 90]
2.4921381163245995 [9, 9, 91]
2.4927610176425703 [10, 10, 90]
2.5135103994216976 [11, 11, 89]
2.5155819615343344 [10, 10, 90]
2.5165344248648145 [9, 9, 91]
2.5214753492070128 [8, 8, 92]
2.5270998402662856 [7, 7, 93]
2.553764302848588 [8, 8, 92]
2.565370771144395 [9, 9, 91]
2.568963045824886 [10, 10, 90]
2.5710084280357712 [11, 11, 89]
2.575001235982596 [10, 10, 90]
2.575440699081917 [11, 11, 89]
2.5788401013554734 [10, 10, 90]
2.5915540010522355 [11, 11, 89]
2.6134093558232276 [10, 10, 90]
2.6250835245356052 [9, 9, 91]
2.6265429316154396 [10, 10, 90]
2.638280341643633 [11, 11, 89]
2.639884151312983 [10, 10, 90]
2.6436305172736194 [11, 11, 89]
2.6519497519453896 [10, 10, 90]
2.6578341146456257 [11, 11, 89]
2.6590806015120267 [12, 12, 88]
2.662122371122203 [11, 11, 89]
2.6638656977384443 [12, 12, 88]
2.66610563816225 [11, 11, 89]
2.670207409458836 [10, 10, 90]
2.6787610833777906 [11, 11, 89]
2.6817796359313237 [12, 12, 88]
2.681934194616597 [11, 11, 89]
2.687810596348999 [10, 10, 90]
2.7110589373492364 [9, 9, 91]
2.712079770553721 [8, 8, 92]
2.7160255539373406 [7, 7, 93]
2.723492685509894 [8, 8, 92]
2.7237118840153345 [9, 9, 91]
2.7326688680039313 [10, 10, 90]
2.732902741858059 [11, 11, 89]
2.733274281920391 [10, 10, 90]
2.7352161760318965 [9, 9, 91]
2.7369679581052893 [8, 8, 92]
2.7407923354757338 [7, 7, 93]
2.7442271326039673 [8, 8, 92]
2.7463079165198874 [9, 9, 91]
2.749888876022856 [8, 8, 92]
2.7561173828834127 [9, 9, 91]
2.765965426502208 [8, 8, 92]
2.77044328597871 [7, 7, 93]
2.7837203458812123 [6, 6, 94]
2.790800137352267 [7, 7, 93]
2.7978177084124467 [6, 6, 94]
2.7989735955952995 [5, 5, 95]
2.8100906398809697 [6, 6, 94]
2.8116084396602283 [5, 5, 95]
2.816212218859699 [6, 6, 94]
2.831072435996511 [7, 7, 93]
2.84399251305778 [8, 8, 92]
2.852012681239191 [7, 7, 93]
2.8541173365802406 [8, 8, 92]
2.8647229081129106 [7, 7, 93]
2.8670183596880117 [8, 8, 92]
2.868501034269759 [9, 9, 91]
2.8709156125436945 [10, 10, 90]
2.883656391335756 [11, 11, 89]
2.8850851112188165 [12, 12, 88]
2.892268581056122 [13, 13, 87]
2.895423631698269 [14, 14, 86]
2.8958677099681087 [13, 13, 87]
2.8969911677441575 [14, 14, 86]
2.90624719898352 [13, 13, 87]
2.914045921759407 [12, 12, 88]
2.9145288725990763 [13, 13, 87]
2.915783418147647 [12, 12, 88]
2.919961154606045 [13, 13, 87]
2.9200001368938717 [14, 14, 86]
2.927870989627684 [13, 13, 87]
2.9323574247513444 [12, 12, 88]
2.937387582448824 [13, 13, 87]
2.942239201305459 [14, 14, 86]
2.942717488420054 [15, 15, 85]
2.950574388480481 [14, 14, 86]
2.952614611934327 [15, 15, 85]
2.952971746959511 [14, 14, 86]
2.9569081218200597 [15, 15, 85]
2.957618709312292 [16, 16, 84]
2.9624565365529456 [15, 15, 85]
2.964016475400106 [14, 14, 86]
2.9680792018294677 [15, 15, 85]
2.9699586408670475 [16, 16, 84]
2.9709327782264365 [15, 15, 85]
2.971349841134753 [16, 16, 84]
2.9718100487954877 [15, 15, 85]
2.973608202997613 [14, 14, 86]
2.9778135555420735 [15, 15, 85]
2.9892267863653283 [16, 16, 84]
2.9946559528276904 [17, 17, 83]
2.995414065842126 [16, 16, 84]
2.9954684013285355 [15, 15, 85]
2.9990956116537246 [16, 16, 84]
3.002515773358064 [15, 15, 85]
3.0040333322620953 [14, 14, 86]
3.004165707252584 [13, 13, 87]
3.004772846875925 [12, 12, 88]
3.005029362192769 [11, 11, 89]
3.0071408435357094 [10, 10, 90]
3.018273989696111 [11, 11, 89]
3.023508736868882 [10, 10, 90]
3.0360574513842096 [11, 11, 89]
3.0420741338003534 [12, 12, 88]
3.0466045929859775 [13, 13, 87]
3.053344198768464 [12, 12, 88]
3.058330936426736 [13, 13, 87]
3.0600895870921616 [12, 12, 88]
3.0601854580115426 [11, 11, 89]
3.0639268245778197 [10, 10, 90]
3.06648341427122 [11, 11, 89]
3.075277826263519 [10, 10, 90]
3.078247743771651 [9, 9, 91]
3.0782936286390017 [10, 10, 90]
3.085514274514845 [11, 11, 89]
3.0933052581084546 [12, 12, 88]
3.098386729035751 [11, 11, 89]
3.110436033355159 [10, 10, 90]
3.1224201233491065 [9, 9, 91]
3.13160283361791 [10, 10, 90]
3.1381879534377433 [9, 9, 91]
3.1415594198848744 [8, 8, 92]
3.1439964435252277 [7, 7, 93]
3.161969880969688 [8, 8, 92]
3.1661818234365073 [7, 7, 93]
3.171638216597583 [6, 6, 94]
3.178609035753665 [7, 7, 93]
3.194987981965287 [8, 8, 92]
3.1970185056101514 [7, 7, 93]
3.239516884452984 [8, 8, 92]
3.2526114456404995 [7, 7, 93]
3.254170837933695 [8, 8, 92]
3.263384382167023 [7, 7, 93]
3.269797003171729 [8, 8, 92]
3.2738622038943888 [7, 7, 93]
3.275109310770915 [6, 6, 94]
3.287159370983794 [5, 5, 95]
3.2994001274068783 [6, 6, 94]
3.31383042883917 [7, 7, 93]
3.3170543624498072 [6, 6, 94]
3.317295051303137 [5, 5, 95]
3.320765261844573 [4, 4, 96]
3.3441738174821682 [5, 5, 95]
3.349434882492485 [6, 6, 94]
3.357419326301036 [7, 7, 93]
3.363140639567381 [8, 8, 92]
3.3704488277210642 [9, 9, 91]
3.381247389012131 [8, 8, 92]
3.394493796246874 [7, 7, 93]
3.3985432446892068 [6, 6, 94]
3.400630243231653 [5, 5, 95]
3.410725349014444 [6, 6, 94]
3.412663988568445 [7, 7, 93]
3.4257016362971533 [8, 8, 92]
3.429570636825719 [9, 9, 91]
3.4334369313204247 [8, 8, 92]
3.4402853160260545 [9, 9, 91]
3.443549568893664 [8, 8, 92]
3.446276736505698 [7, 7, 93]
3.4490718011413866 [6, 6, 94]
3.4535240969955066 [7, 7, 93]
3.455048748136654 [8, 8, 92]
3.456055608718605 [7, 7, 93]
3.4626971013553005 [8, 8, 92]
3.4653588930387853 [9, 9, 91]
3.465686005432451 [10, 10, 90]
3.4658047745732663 [9, 9, 91]
3.46835713350038 [10, 10, 90]
3.4683723414332284 [11, 11, 89]
3.4801731001668674 [12, 12, 88]
3.4813092801793846 [11, 11, 89]
3.4965269034781152 [12, 12, 88]
3.497281350359491 [13, 13, 87]
3.4988360795613684 [14, 14, 86]
3.499589346241116 [13, 13, 87]
3.5090497441882467 [12, 12, 88]
3.5187666796646364 [11, 11, 89]
3.5223754821874227 [10, 10, 90]
3.5334321538619378 [11, 11, 89]
3.541508126669813 [10, 10, 90]
3.543003906671964 [11, 11, 89]
3.5436872519407596 [10, 10, 90]
3.547451668267307 [11, 11, 89]
3.551688623177261 [12, 12, 88]
3.5644195790273976 [11, 11, 89]
3.5703438670136065 [10, 10, 90]
3.5783369097832867 [9, 9, 91]
3.601332814236055 [8, 8, 92]
3.6067024838204556 [7, 7, 93]
3.6139403064658255 [8, 8, 92]
3.634066351466943 [7, 7, 93]
3.6548045421628714 [6, 6, 94]
3.6639649463610633 [7, 7, 93]
3.6733835067075673 [6, 6, 94]
3.676460136016136 [5, 5, 95]
3.6776958793424237 [6, 6, 94]
3.696266940496836 [7, 7, 93]
3.69728550629014 [8, 8, 92]
3.699992630082 [9, 9, 91]
3.701714248386598 [8, 8, 92]
3.7027486745768003 [7, 7, 93]
3.7055464838206165 [8, 8, 92]
3.7056052999675964 [9, 9, 91]
3.7192709829084403 [10, 10, 90]
3.7368424726016607 [11, 11, 89]
3.7375990043794687 [12, 12, 88]
3.7386854384792443 [13, 13, 87]
3.746728850224129 [14, 14, 86]
3.747269173950571 [15, 15, 85]
3.7539883681533617 [14, 14, 86]
3.7548317544346097 [13, 13, 87]
3.7551571757561444 [14, 14, 86]
3.7642105951701343 [15, 15, 85]
3.7646450239274927 [14, 14, 86]
3.773129538272471 [13, 13, 87]
3.7819214569944735 [12, 12, 88]
3.784174474303888 [11, 11, 89]
3.7861994643308226 [12, 12, 88]
3.7910811545369314 [11, 11, 89]
3.795273409212833 [12, 12, 88]
3.7958912182114566 [11, 11, 89]
3.8024835711123073 [12, 12, 88]
3.8077347035375957 [11, 11, 89]
3.8087888066539723 [10, 10, 90]
3.809645546166206 [9, 9, 91]
3.813204206500825 [10, 10, 90]
3.8142895674950292 [9, 9, 91]
3.8176940822741976 [8, 8, 92]
3.8257174762994346 [9, 9, 91]
3.8274626995758125 [10, 10, 90]
3.829397602434387 [9, 9, 91]
3.833266166376226 [10, 10, 90]
3.835427750191487 [11, 11, 89]
3.83789997617231 [12, 12, 88]
3.8393434981608823 [13, 13, 87]
3.8398655656024525 [12, 12, 88]
3.8574161680586654 [11, 11, 89]
3.8618779219188126 [12, 12, 88]
3.8647272717478502 [13, 13, 87]
3.86720499904293 [12, 12, 88]
3.869230775903909 [13, 13, 87]
3.882189015900023 [12, 12, 88]
3.885833432698763 [11, 11, 89]
3.889539584693668 [10, 10, 90]
3.8969853195651587 [11, 11, 89]
3.8971695421455865 [12, 12, 88]
3.910494322694701 [11, 11, 89]
3.9161629536525004 [10, 10, 90]
3.925692422532905 [9, 9, 91]
3.9279944683789916 [8, 8, 92]
3.9315633918513866 [7, 7, 93]
3.9378316858301265 [8, 8, 92]
3.9555097239428676 [9, 9, 91]
3.9630904291003284 [8, 8, 92]
3.9694234641169204 [9, 9, 91]
3.970443669743131 [8, 8, 92]
3.974178624871415 [9, 9, 91]
3.984223783146298 [8, 8, 92]
4.001543148145179 [7, 7, 93]
4.014789565688745 [8, 8, 92]
4.025256683266842 [7, 7, 93]
4.026889427882662 [6, 6, 94]
4.034662936017788 [7, 7, 93]
4.051229367675259 [8, 8, 92]
4.05642370429785 [9, 9, 91]
4.066330744169015 [8, 8, 92]
4.069338287292473 [9, 9, 91]
4.071009759923145 [10, 10, 90]
4.078760550854601 [9, 9, 91]
4.0837243381906445 [10, 10, 90]
4.09759825408155 [9, 9, 91]
4.110892311498281 [10, 10, 90]
4.125696993762775 [11, 11, 89]
4.134483571700724 [12, 12, 88]
4.1357967005607 [11, 11, 89]
4.141897693424818 [10, 10, 90]
4.1427265070053725 [11, 11, 89]
4.157181067714211 [12, 12, 88]
4.159697132034683 [11, 11, 89]
4.159965309098886 [10, 10, 90]
4.162227661855467 [9, 9, 91]
4.162796542530982 [8, 8, 92]
4.1677812146868884 [7, 7, 93]
4.168615233663195 [8, 8, 92]
4.168855383436816 [7, 7, 93]
4.171286031513699 [8, 8, 92]
4.1735919709880145 [9, 9, 91]
4.2014633340656085 [10, 10, 90]
4.206451981565906 [11, 11, 89]
4.207818777387371 [10, 10, 90]
4.210530444316552 [9, 9, 91]
4.219946837379163 [8, 8, 92]
4.221576929201949 [9, 9, 91]
4.229262506909753 [10, 10, 90]
4.248029141036641 [9, 9, 91]
4.248265595971112 [8, 8, 92]
4.2493404764678155 [9, 9, 91]
4.261189044279652 [8, 8, 92]
4.268963568983574 [7, 7, 93]
4.272553555226112 [8, 8, 92]
4.275054294721899 [9, 9, 91]
4.278604936816055 [8, 8, 92]
4.286386459322361 [9, 9, 91]
4.295584818581171 [8, 8, 92]
4.301525169742933 [9, 9, 91]
4.303469271264118 [10, 10, 90]
4.306440676657643 [9, 9, 91]
4.3075303434438315 [8, 8, 92]
4.307960953104433 [9, 9, 91]
4.3098660321399285 [8, 8, 92]
4.312796225705213 [7, 7, 93]
4.316779494587677 [8, 8, 92]
4.3177684725055485 [9, 9, 91]
4.318096790108237 [10, 10, 90]
4.318578873238022 [9, 9, 91]
4.3399618526720385 [10, 10, 90]
4.346494786627831 [9, 9, 91]
4.348915661342346 [8, 8, 92]
4.351598857612745 [9, 9, 91]
4.369510764596113 [10, 10, 90]
4.3821398418039985 [9, 9, 91]
4.390731059177355 [10, 10, 90]
4.392943375200213 [9, 9, 91]
4.397771578211305 [10, 10, 90]
4.400659160343313 [9, 9, 91]
4.407530067493269 [10, 10, 90]
4.411983599530832 [11, 11, 89]
4.4212008407503225 [12, 12, 88]
4.426527371862078 [11, 11, 89]
4.445860482553291 [10, 10, 90]
4.448038973850907 [9, 9, 91]
4.459583879519096 [8, 8, 92]
4.464559246728243 [9, 9, 91]
4.470095684713579 [8, 8, 92]
4.473364427761905 [9, 9, 91]
4.479460598401576 [8, 8, 92]
4.481234570409945 [9, 9, 91]
4.488934645555241 [10, 10, 90]
4.490666408879066 [9, 9, 91]
4.491793298606919 [8, 8, 92]
4.492034259819879 [7, 7, 93]
4.493974275857501 [8, 8, 92]
4.502745602111868 [9, 9, 91]
4.513973949301549 [8, 8, 92]
4.515088755223041 [7, 7, 93]
4.523849530410629 [6, 6, 94]
4.540692324629477 [7, 7, 93]
4.549443454920119 [8, 8, 92]
4.555953314965525 [9, 9, 91]
4.558671415259253 [10, 10, 90]
4.567619915099832 [9, 9, 91]
4.571797322439647 [10, 10, 90]
4.573182657440134 [9, 9, 91]
4.578716178956967 [8, 8, 92]
4.5788971912579655 [9, 9, 91]
4.579988141253441 [8, 8, 92]
4.586241497906269 [9, 9, 91]
4.588791308124346 [10, 10, 90]
4.593462674843424 [11, 11, 89]
4.599245502697167 [10, 10, 90]
4.616438703048131 [11, 11, 89]
4.619063302348076 [10, 10, 90]
4.620538745351571 [9, 9, 91]
4.622285845303838 [8, 8, 92]
4.6329897670544025 [9, 9, 91]
4.634782469932753 [10, 10, 90]
4.636554590123055 [9, 9, 91]
4.638323528893569 [10, 10, 90]
4.670192315682084 [9, 9, 91]
4.675996218944608 [10, 10, 90]
4.676075735446 [9, 9, 91]
4.676631611310551 [10, 10, 90]
4.683726349842194 [11, 11, 89]
4.6841402993507595 [12, 12, 88]
4.684141944925912 [11, 11, 89]
4.684262477142869 [12, 12, 88]
4.69115784800734 [13, 13, 87]
4.694524861019283 [12, 12, 88]
4.7025437271428325 [13, 13, 87]
4.7042699993874795 [14, 14, 86]
4.7086886367756104 [13, 13, 87]
4.711461720912616 [14, 14, 86]
4.718513980852368 [15, 15, 85]
4.720834188456365 [14, 14, 86]
4.7326736889472185 [13, 13, 87]
4.732828581640186 [12, 12, 88]
4.734874880078529 [11, 11, 89]
4.743870648277434 [10, 10, 90]
4.744609678193367 [9, 9, 91]
4.751064567426053 [8, 8, 92]
4.755176917761933 [9, 9, 91]
4.755759665204673 [8, 8, 92]
4.757663566757095 [7, 7, 93]
4.766883099585624 [8, 8, 92]
4.767342885866617 [9, 9, 91]
4.770869555206552 [8, 8, 92]
4.776739724163854 [9, 9, 91]
4.7871096550765575 [8, 8, 92]
4.79610965526981 [9, 9, 91]
4.798147525851277 [10, 10, 90]
4.800043109054804 [9, 9, 91]
4.800215182951461 [10, 10, 90]
4.811580294246394 [11, 11, 89]
4.814363585639052 [12, 12, 88]
4.815292167034901 [11, 11, 89]
4.820623318991125 [12, 12, 88]
4.824167391046804 [11, 11, 89]
4.836365486298962 [10, 10, 90]
4.83863215332053 [11, 11, 89]
4.848061234270424 [12, 12, 88]
4.852868126912564 [11, 11, 89]
4.854452613081142 [10, 10, 90]
4.863673080242007 [9, 9, 91]
4.867173655955557 [8, 8, 92]
4.867239565644159 [9, 9, 91]
4.872689880245763 [8, 8, 92]
4.8805653149690125 [7, 7, 93]
4.881423839840686 [8, 8, 92]
4.8998858573518085 [9, 9, 91]
4.907799343280268 [10, 10, 90]
4.9188733630680845 [11, 11, 89]
4.9200127034118495 [12, 12, 88]
4.933378527084467 [11, 11, 89]
4.9395618332256666 [12, 12, 88]
4.940075382522633 [13, 13, 87]
4.942020851411151 [12, 12, 88]
4.962477685824344 [13, 13, 87]
4.962691335485126 [12, 12, 88]
4.9685396933069 [11, 11, 89]
4.982014832560331 [10, 10, 90]
4.998561414872905 [11, 11, 89]
5.005949000264994 [10, 10, 90]
5.007459706167865 [11, 11, 89]
5.010517051753356 [12, 12, 88]
5.014588885226937 [13, 13, 87]
5.015406314532513 [12, 12, 88]
5.017009058022053 [13, 13, 87]
5.017115547624778 [12, 12, 88]
5.020068832327306 [11, 11, 89]
5.025729018230814 [12, 12, 88]
5.027492232600796 [11, 11, 89]
5.027835769095575 [10, 10, 90]
5.030199962682408 [11, 11, 89]
5.033388146044105 [10, 10, 90]
5.03978861687943 [9, 9, 91]
5.042408722322962 [8, 8, 92]
5.044441504405337 [9, 9, 91]
5.057927799837604 [10, 10, 90]
5.065623334183656 [9, 9, 91]
5.074411998586072 [8, 8, 92]
5.085117935484955 [9, 9, 91]
5.088156036692509 [8, 8, 92]
5.092666133998759 [7, 7, 93]
5.100529925665683 [8, 8, 92]
5.109705007508004 [9, 9, 91]
5.111990838031408 [10, 10, 90]
5.114717330605769 [9, 9, 91]
5.114835663458985 [8, 8, 92]
5.117808852184623 [7, 7, 93]
5.125844109452991 [8, 8, 92]
5.138189988169294 [7, 7, 93]
5.138816129762728 [8, 8, 92]
5.139226237468431 [9, 9, 91]
5.148869926602574 [8, 8, 92]
5.150303352646188 [9, 9, 91]
5.152475229286887 [10, 10, 90]
5.166020617414609 [9, 9, 91]
5.17169459536995 [8, 8, 92]
5.171960917115671 [7, 7, 93]
5.191196548316969 [8, 8, 92]
5.196806565879041 [9, 9, 91]
5.197289201124789 [8, 8, 92]
5.199094054195462 [9, 9, 91]
5.203369281433071 [10, 10, 90]
5.203981721903485 [11, 11, 89]
5.210441802172434 [10, 10, 90]
5.214410264841262 [11, 11, 89]
5.214578420363383 [10, 10, 90]
5.2227956914342 [11, 11, 89]
5.226866078085851 [12, 12, 88]
5.243081534417549 [11, 11, 89]
5.246576840964574 [12, 12, 88]
5.261971927793741 [13, 13, 87]
5.270902587276308 [14, 14, 86]
5.271955227981647 [15, 15, 85]
5.274962473308356 [16, 16, 84]
5.279072747244609 [15, 15, 85]
5.281037603572068 [14, 14, 86]
5.285358682724638 [13, 13, 87]
5.286511503495723 [12, 12, 88]
5.2873685988605565 [11, 11, 89]
5.293738869512118 [10, 10, 90]
5.298279603082141 [9, 9, 91]
5.300118876259271 [10, 10, 90]
5.300869408633059 [9, 9, 91]
5.304897998353344 [10, 10, 90]
5.313355768181547 [9, 9, 91]
5.315612563604035 [8, 8, 92]
5.316925411403265 [9, 9, 91]
5.329786712421205 [10, 10, 90]
5.330925902181671 [11, 11, 89]
5.336876661163718 [12, 12, 88]
5.344457239896479 [11, 11, 89]
5.344837660033356 [10, 10, 90]
5.352134830572168 [11, 11, 89]
5.352145159028652 [12, 12, 88]
5.354839574259184 [11, 11, 89]
5.3552445325933 [12, 12, 88]
5.361539638297939 [11, 11, 89]
5.367717784718824 [12, 12, 88]
5.37108999224649 [11, 11, 89]
5.378839416319096 [12, 12, 88]
5.383219570302615 [11, 11, 89]
5.386084803189302 [12, 12, 88]
5.386296936113528 [13, 13, 87]
5.386310289311314 [14, 14, 86]
5.390725038252442 [13, 13, 87]
5.392549305247669 [14, 14, 86]
5.397190271345515 [13, 13, 87]
5.403605545484163 [14, 14, 86]
5.404407058321903 [13, 13, 87]
5.405974923080845 [14, 14, 86]
5.41019598262662 [13, 13, 87]
5.412801073572976 [12, 12, 88]
5.420667262393865 [11, 11, 89]
5.422136385253219 [10, 10, 90]
5.424752385157357 [9, 9, 91]
5.42628080930289 [8, 8, 92]
5.442008442975505 [7, 7, 93]
5.490763147259529 [8, 8, 92]
5.496733807354263 [9, 9, 91]
5.5021846504630645 [10, 10, 90]
5.5238307648242095 [9, 9, 91]
5.526026608309806 [8, 8, 92]
5.528042282292305 [9, 9, 91]
5.529661360614449 [8, 8, 92]
5.554369771019028 [9, 9, 91]
5.564602002342229 [10, 10, 90]
5.571016833497686 [11, 11, 89]
5.576241218114554 [10, 10, 90]
5.581144430035386 [11, 11, 89]
5.588656124580132 [12, 12, 88]
5.5902563280660775 [11, 11, 89]
5.598519732086462 [12, 12, 88]
5.602055805549837 [11, 11, 89]
5.6118950769648634 [10, 10, 90]
5.615691227217271 [9, 9, 91]
5.624982288693866 [8, 8, 92]
5.637332280033424 [9, 9, 91]
5.6386386520626335 [8, 8, 92]
5.642177702504148 [7, 7, 93]
5.646678309250889 [8, 8, 92]
5.65497260403493 [7, 7, 93]
5.655403569050344 [8, 8, 92]
5.6642110036329 [9, 9, 91]
5.67563488493331 [8, 8, 92]
5.675950307223656 [9, 9, 91]
5.679480535284257 [10, 10, 90]
5.687921702897667 [11, 11, 89]
5.6922014217745 [12, 12, 88]
5.6984139816346735 [11, 11, 89]
5.699765611227507 [12, 12, 88]
5.706474133690027 [11, 11, 89]
5.70830092557134 [10, 10, 90]
5.7116804241747 [11, 11, 89]
5.7141851458002835 [10, 10, 90]
5.725568310488693 [11, 11, 89]
5.7256175649831595 [10, 10, 90]
5.727048753001717 [11, 11, 89]
5.730291723123102 [12, 12, 88]
5.733233877471362 [11, 11, 89]
5.734322344987705 [12, 12, 88]
5.7358981975460015 [13, 13, 87]
5.738162715186378 [12, 12, 88]
5.741525675932353 [11, 11, 89]
5.742147171654085 [10, 10, 90]
5.746384179795673 [11, 11, 89]
5.746742891358978 [12, 12, 88]
5.747399876933882 [11, 11, 89]
5.747626026466244 [10, 10, 90]
5.752123835962502 [11, 11, 89]
5.75452941584584 [10, 10, 90]
5.762829036647616 [11, 11, 89]
5.767555945826721 [10, 10, 90]
5.772067319248009 [11, 11, 89]
5.77235660188299 [10, 10, 90]
5.773500008207297 [11, 11, 89]
5.77938477002554 [12, 12, 88]
5.7796034680933674 [11, 11, 89]
5.779748705390293 [10, 10, 90]
5.7817392384438095 [11, 11, 89]
5.7827439358535 [10, 10, 90]
5.786159840368644 [11, 11, 89]
5.787885841962756 [10, 10, 90]
5.789748210721654 [11, 11, 89]
5.790776820050147 [10, 10, 90]
5.795629850935213 [9, 9, 91]
5.806843959133279 [10, 10, 90]
5.807967925270145 [11, 11, 89]
5.81336492927775 [10, 10, 90]
5.813878001090786 [9, 9, 91]
5.816524934700011 [8, 8, 92]
5.820668808037951 [9, 9, 91]
5.823801348028427 [8, 8, 92]
5.827763693530412 [7, 7, 93]
5.842549227490103 [6, 6, 94]
5.847239581047451 [7, 7, 93]
5.866366430820647 [8, 8, 92]
5.869850617862237 [9, 9, 91]
5.873857455234264 [8, 8, 92]
5.875710209685816 [9, 9, 91]
5.879645667856904 [10, 10, 90]
5.887308428043167 [9, 9, 91]
5.894449790707087 [8, 8, 92]
5.894955061505028 [9, 9, 91]
5.911638839034543 [10, 10, 90]
5.915093129078234 [9, 9, 91]
5.921654518954628 [10, 10, 90]
5.929664653415854 [9, 9, 91]
5.9297150927386015 [10, 10, 90]
5.932788945412734 [9, 9, 91]
5.932932818178442 [10, 10, 90]
5.941948957276044 [9, 9, 91]
5.948962943927933 [8, 8, 92]
5.951289523032944 [9, 9, 91]
5.966467299850199 [8, 8, 92]
5.96768779646039 [9, 9, 91]
5.9781519865274175 [10, 10, 90]
5.983211257573649 [9, 9, 91]
5.992204474277409 [10, 10, 90]
5.996960522128271 [11, 11, 89]
6.012495684813729 [10, 10, 90]
6.012721695247495 [9, 9, 91]
6.018899606005688 [8, 8, 92]
6.024147110728028 [7, 7, 93]
6.026561354242661 [8, 8, 92]
6.038988879244395 [9, 9, 91]
6.044541288194271 [10, 10, 90]
6.054805347132982 [9, 9, 91]
6.060911110212983 [10, 10, 90]
6.064215601092182 [9, 9, 91]
6.073823877176925 [8, 8, 92]
6.082460428879871 [7, 7, 93]
6.085255529471045 [6, 6, 94]
6.095309302482646 [7, 7, 93]
6.099959744350047 [6, 6, 94]
6.100603620203484 [7, 7, 93]
6.101095963900359 [8, 8, 92]
6.103066216556291 [7, 7, 93]
6.114890118012811 [6, 6, 94]
6.117466372192772 [7, 7, 93]
6.119350040151228 [6, 6, 94]
6.128637028431814 [5, 5, 95]
6.148576852550247 [6, 6, 94]
6.150227224375082 [7, 7, 93]
6.169211772242689 [8, 8, 92]
6.17100665917015 [7, 7, 93]
6.173987640789167 [6, 6, 94]
6.175080371467515 [7, 7, 93]
6.18926330779174 [8, 8, 92]
6.193484977779931 [9, 9, 91]
6.195702312503262 [10, 10, 90]
6.199426113745506 [9, 9, 91]
6.204954122678497 [8, 8, 92]
6.212037296070555 [7, 7, 93]
6.216689498434185 [6, 6, 94]
6.21985951889825 [7, 7, 93]
6.233225113947059 [6, 6, 94]
6.2360996673025815 [7, 7, 93]
6.2401973536731745 [8, 8, 92]
6.248024975313216 [9, 9, 91]
6.266658164861324 [10, 10, 90]
6.267366472574625 [11, 11, 89]
6.26763116398532 [10, 10, 90]
6.269105718251249 [11, 11, 89]
6.2733857543174185 [10, 10, 90]
6.275430340087165 [11, 11, 89]
6.27891891759607 [12, 12, 88]
6.280579369280733 [13, 13, 87]
6.2907080772051875 [14, 14, 86]
6.295897436978216 [15, 15, 85]
6.297281204143475 [16, 16, 84]
6.2985622683720495 [15, 15, 85]
6.2986507586440625 [14, 14, 86]
6.300337407289442 [15, 15, 85]
6.318011346834088 [14, 14, 86]
6.320655277453693 [15, 15, 85]
6.321406105266135 [16, 16, 84]
6.32163720841331 [15, 15, 85]
6.322810267508986 [16, 16, 84]
6.327163509385285 [15, 15, 85]
6.3292334968914 [16, 16, 84]
6.332712105617316 [15, 15, 85]
6.3360829671936845 [16, 16, 84]
6.348960296521266 [15, 15, 85]
6.349099136526738 [14, 14, 86]
6.349571999499845 [13, 13, 87]
6.351350798075301 [12, 12, 88]
6.3538225507606345 [11, 11, 89]
6.354690228652662 [10, 10, 90]
6.35827852000042 [9, 9, 91]
6.360143015117633 [10, 10, 90]
6.3617665078486585 [9, 9, 91]
6.362807097033367 [8, 8, 92]
6.368682509500221 [9, 9, 91]
6.38272849376732 [8, 8, 92]
6.3904922214087705 [7, 7, 93]
6.391712412728259 [8, 8, 92]
6.399911977295787 [9, 9, 91]
6.405229827411733 [10, 10, 90]
6.406206283564794 [9, 9, 91]
6.407286302364744 [10, 10, 90]
6.409277684398576 [9, 9, 91]
6.413770879111043 [10, 10, 90]
6.417748783096219 [11, 11, 89]
6.418721331151147 [12, 12, 88]
6.418956183802666 [13, 13, 87]
6.420880052722741 [12, 12, 88]
6.421785088513318 [11, 11, 89]
6.426801832111077 [10, 10, 90]
6.436196255405162 [9, 9, 91]
6.437088534383202 [10, 10, 90]
6.437517527635975 [9, 9, 91]
6.43819788503137 [8, 8, 92]
6.448889835392366 [9, 9, 91]
6.452619465317471 [8, 8, 92]
6.453061117722326 [9, 9, 91]
6.457730078848482 [8, 8, 92]
6.4674827870923774 [7, 7, 93]
6.468611226196789 [6, 6, 94]
6.473265285607347 [7, 7, 93]
6.473625074659204 [8, 8, 92]
6.478425964006137 [9, 9, 91]
6.478923117251486 [8, 8, 92]
6.481140555189576 [7, 7, 93]
6.487255676722282 [8, 8, 92]
6.507522947322858 [9, 9, 91]
6.5157832649461245 [10, 10, 90]
6.520940238989639 [9, 9, 91]
6.522023283590372 [8, 8, 92]
6.5323503695183165 [9, 9, 91]
6.542504053381558 [10, 10, 90]
6.549522202567201 [9, 9, 91]
6.56029274304547 [8, 8, 92]
6.569551648769669 [9, 9, 91]
6.57350987982616 [8, 8, 92]
6.573713500781295 [9, 9, 91]
6.580287766547832 [10, 10, 90]
6.585608603427728 [9, 9, 91]
6.589738043094852 [8, 8, 92]
6.5908498060782685 [9, 9, 91]
6.594629871590044 [10, 10, 90]
6.597044383710496 [11, 11, 89]
6.59859863701198 [10, 10, 90]
6.604520930636694 [9, 9, 91]
6.605629500671536 [8, 8, 92]
6.620298152282155 [9, 9, 91]
6.623646990678607 [8, 8, 92]
6.641791316621882 [9, 9, 91]
6.648470764157775 [10, 10, 90]
6.652976837009759 [11, 11, 89]
6.65634341850286 [10, 10, 90]
6.659613960603395 [9, 9, 91]
6.678656657248654 [10, 10, 90]
6.695023629230388 [11, 11, 89]
6.699612963656251 [12, 12, 88]
6.715583680406577 [11, 11, 89]
6.721997863429026 [12, 12, 88]
6.723228964267139 [13, 13, 87]
6.729877553179401 [14, 14, 86]
6.731474229400834 [15, 15, 85]
6.732145974514992 [16, 16, 84]
6.732545454032952 [15, 15, 85]
6.734034653246589 [14, 14, 86]
6.739205746844863 [13, 13, 87]
6.7433732556799955 [12, 12, 88]
6.746589547718705 [11, 11, 89]
6.75587537487616 [10, 10, 90]
6.76569705990473 [11, 11, 89]
6.77379788252125 [10, 10, 90]
6.776321688768314 [9, 9, 91]
6.802803797191607 [8, 8, 92]
6.80604607164469 [7, 7, 93]
6.826415668587003 [6, 6, 94]
6.827112176721457 [7, 7, 93]
6.8427851636975845 [8, 8, 92]
6.846769140427978 [9, 9, 91]
6.86343426069248 [10, 10, 90]
6.866475873247462 [11, 11, 89]
6.867377044482315 [10, 10, 90]
6.871303520636505 [9, 9, 91]
6.878548366262617 [8, 8, 92]
6.901140132958811 [9, 9, 91]
6.903581934625466 [10, 10, 90]
6.9131150710513944 [11, 11, 89]
6.913728243394294 [10, 10, 90]
6.915490536265816 [11, 11, 89]
6.919192948847743 [10, 10, 90]
6.927065789480406 [11, 11, 89]
6.93260421372503 [12, 12, 88]
6.933946860073887 [11, 11, 89]
6.934372352521772 [10, 10, 90]
6.9441184671463265 [9, 9, 91]
6.955064288231918 [10, 10, 90]
6.958798562525251 [11, 11, 89]
6.958886438254974 [10, 10, 90]
6.9607188340719555 [9, 9, 91]
6.960776592504925 [10, 10, 90]
6.961095420079687 [11, 11, 89]
6.962754454653597 [12, 12, 88]
6.963645664275751 [13, 13, 87]
6.964289921605667 [12, 12, 88]
6.9715252010766955 [11, 11, 89]
6.972240652348962 [10, 10, 90]
6.981565707808961 [9, 9, 91]
6.987389145716837 [10, 10, 90]
6.989640981317694 [11, 11, 89]
7.001785747141333 [12, 12, 88]
7.002863518187059 [11, 11, 89]
7.012918503654931 [12, 12, 88]
7.014772672136049 [13, 13, 87]
7.016245797471159 [12, 12, 88]
7.016614243430394 [13, 13, 87]
7.017999169575826 [14, 14, 86]
7.032231090384777 [13, 13, 87]
7.040021042705374 [12, 12, 88]
7.040977203192005 [13, 13, 87]
7.04499916074072 [12, 12, 88]
7.052736213362115 [11, 11, 89]
7.053742739961956 [12, 12, 88]
7.0582006314486385 [11, 11, 89]
7.059735031465334 [10, 10, 90]
7.059841713494173 [9, 9, 91]
7.081130708201326 [10, 10, 90]
7.085646280967877 [11, 11, 89]
7.090236885560151 [10, 10, 90]
7.093006273827101 [9, 9, 91]
7.105421211812094 [10, 10, 90]
7.106392494731257 [9, 9, 91]
7.108198653665611 [8, 8, 92]
7.108823830732105 [9, 9, 91]
7.125290342685991 [10, 10, 90]
7.1303394042179375 [11, 11, 89]
7.1354541638578235 [10, 10, 90]
7.142073290756257 [11, 11, 89]
7.143218436903053 [12, 12, 88]
7.151819580422593 [11, 11, 89]
7.152491404719327 [12, 12, 88]
7.15267360409178 [11, 11, 89]
7.156710372531833 [10, 10, 90]
7.156881811794894 [11, 11, 89]
7.157981876524023 [10, 10, 90]
7.158442486117875 [11, 11, 89]
7.166664923560183 [10, 10, 90]
7.169965293732561 [9, 9, 91]
7.176911233541238 [10, 10, 90]
7.178063851208442 [11, 11, 89]
7.182188154657748 [12, 12, 88]
7.183773970621649 [11, 11, 89]
7.1851134084422545 [12, 12, 88]
7.186405344859107 [11, 11, 89]
7.192631579748377 [10, 10, 90]
7.193971301068862 [11, 11, 89]
7.2003611918297965 [12, 12, 88]
7.200656645029107 [11, 11, 89]
7.201350403129129 [12, 12, 88]
7.206650934327298 [13, 13, 87]
7.224452886061248 [12, 12, 88]
7.237527850983964 [13, 13, 87]
7.245100694758724 [12, 12, 88]
7.253141225551144 [11, 11, 89]
7.253564297452847 [10, 10, 90]
7.253833825563535 [9, 9, 91]
7.255746908055466 [10, 10, 90]
7.2570452635641685 [11, 11, 89]
7.263843755388944 [10, 10, 90]
7.264673813611311 [11, 11, 89]
7.2702973877933115 [12, 12, 88]
7.27253423362588 [11, 11, 89]
7.275494561149784 [12, 12, 88]
7.276136125713259 [11, 11, 89]
7.276923416662096 [10, 10, 90]
7.283319840969033 [11, 11, 89]
7.287054517013518 [12, 12, 88]
7.297707683354997 [11, 11, 89]
7.305584178114652 [10, 10, 90]
7.30760231559625 [11, 11, 89]
7.308920660221468 [10, 10, 90]
7.315004771443166 [11, 11, 89]
7.317265946853472 [10, 10, 90]
7.317359239046037 [11, 11, 89]
7.321412252827923 [12, 12, 88]
7.328621782241306 [11, 11, 89]
7.337509130752428 [10, 10, 90]
7.344834077303218 [9, 9, 91]
7.347678928726361 [10, 10, 90]
7.356005841752322 [9, 9, 91]
7.3592175628735355 [10, 10, 90]
7.371205075232718 [9, 9, 91]
7.382150400712952 [8, 8, 92]
7.382591827227466 [7, 7, 93]
7.385665083048518 [6, 6, 94]
7.394067210986046 [7, 7, 93]
7.397757052299755 [6, 6, 94]
7.402941727865454 [5, 5, 95]
7.410614109568116 [4, 4, 96]
7.427922907132694 [5, 5, 95]
7.432057900846911 [4, 4, 96]
7.43758748697172 [5, 5, 95]
7.440512724182305 [6, 6, 94]
7.446246952837089 [5, 5, 95]
7.448835084588114 [6, 6, 94]
7.452015340653456 [5, 5, 95]
7.458479596334112 [6, 6, 94]
7.470430529690413 [7, 7, 93]
7.476659719375541 [8, 8, 92]
7.482888872747164 [9, 9, 91]
7.4850666549083495 [10, 10, 90]
7.485445704459738 [11, 11, 89]
7.487407723019479 [12, 12, 88]
7.504888207011062 [11, 11, 89]
7.509964223878499 [10, 10, 90]
7.511409182824041 [11, 11, 89]
7.512498359474618 [10, 10, 90]
7.51770719767246 [9, 9, 91]
7.544909705546681 [10, 10, 90]
7.547204439578752 [9, 9, 91]
7.551134335606482 [10, 10, 90]
7.552685612626848 [11, 11, 89]
7.555100754449777 [12, 12, 88]
7.556410975033201 [11, 11, 89]
7.563014683718889 [12, 12, 88]
7.563483081163237 [13, 13, 87]
7.564116084563359 [12, 12, 88]
7.570246051017686 [11, 11, 89]
7.573482691504426 [10, 10, 90]
7.576010158101788 [9, 9, 91]
7.5843664059768905 [8, 8, 92]
7.585303983128449 [9, 9, 91]
7.592983890336332 [10, 10, 90]
7.603513349445432 [9, 9, 91]
7.6097785620213045 [10, 10, 90]
7.611484495132936 [11, 11, 89]
7.616906119368612 [10, 10, 90]
7.617978179494641 [9, 9, 91]
7.619665390913842 [8, 8, 92]
7.656498558154737 [7, 7, 93]
7.662096377037548 [8, 8, 92]
7.669681126416757 [7, 7, 93]
7.674598325668886 [8, 8, 92]
7.676855823462728 [9, 9, 91]
7.678865570523305 [8, 8, 92]
7.683689005781532 [7, 7, 93]
7.694890606486268 [6, 6, 94]
7.713149639102044 [7, 7, 93]
7.716720440606205 [8, 8, 92]
7.726089913952186 [7, 7, 93]
7.742093329522006 [6, 6, 94]
7.745260857641506 [7, 7, 93]
7.747318013957003 [6, 6, 94]
7.753925169622947 [5, 5, 95]
7.764769212634427 [6, 6, 94]
7.770893442891568 [5, 5, 95]
7.771596600507959 [6, 6, 94]
7.788026539696897 [7, 7, 93]
7.790341136771434 [8, 8, 92]
7.794053618395492 [9, 9, 91]
7.802451247001476 [8, 8, 92]
7.80383382896351 [7, 7, 93]
7.803951170726396 [8, 8, 92]
7.812202416071724 [9, 9, 91]
7.820778680027243 [8, 8, 92]
7.8244963041035165 [7, 7, 93]
7.828490447681942 [8, 8, 92]
7.842733747269764 [9, 9, 91]
7.8482135255535725 [8, 8, 92]
7.855168693228608 [9, 9, 91]
7.859988747050798 [10, 10, 90]
7.864208761187132 [9, 9, 91]
7.872112946419776 [10, 10, 90]
7.876779776255661 [9, 9, 91]
7.89098610274765 [8, 8, 92]
7.910325091989287 [9, 9, 91]
7.9117589772711465 [10, 10, 90]
7.912431287929312 [9, 9, 91]
7.918594983024148 [10, 10, 90]
7.926112355330028 [9, 9, 91]
7.926561358959146 [8, 8, 92]
7.929028886936237 [9, 9, 91]
7.932301832535839 [10, 10, 90]
7.934986654782095 [9, 9, 91]
7.9485478912504455 [10, 10, 90]
7.950540359855235 [9, 9, 91]
7.951160415824004 [10, 10, 90]
7.95817010244591 [11, 11, 89]
7.9642602980867965 [10, 10, 90]
7.967835888092319 [11, 11, 89]
7.968273958912705 [10, 10, 90]
7.971586172711833 [11, 11, 89]
7.976279773813054 [10, 10, 90]
7.986123882477073 [11, 11, 89]
7.993529759153454 [10, 10, 90]
7.999680453167551 [11, 11, 89]
8.008958623624887 [12, 12, 88]
8.01412946747229 [13, 13, 87]
8.014160986503668 [12, 12, 88]
8.017884005777502 [11, 11, 89]
8.019589784798901 [10, 10, 90]
8.020407101909218 [9, 9, 91]
8.023454183760618 [8, 8, 92]
8.023879877520137 [7, 7, 93]
8.040560417370806 [6, 6, 94]
8.05676593382318 [7, 7, 93]
8.058158409912794 [8, 8, 92]
8.064670678213652 [9, 9, 91]
8.06498605856286 [8, 8, 92]
8.067694750125328 [9, 9, 91]
8.069788339223724 [10, 10, 90]
8.075276121811058 [9, 9, 91]
8.078828880330732 [8, 8, 92]
8.080015215131741 [9, 9, 91]
8.097870498031142 [10, 10, 90]
8.0995207355939 [9, 9, 91]
8.103891683276181 [10, 10, 90]
8.108815265040128 [9, 9, 91]
8.116296685242851 [10, 10, 90]
8.133718397140532 [11, 11, 89]
8.13519961748435 [12, 12, 88]
8.1384955075042 [13, 13, 87]
8.15193025168667 [12, 12, 88]
8.159811413346825 [11, 11, 89]
8.161430433980529 [10, 10, 90]
8.163877703521445 [9, 9, 91]
8.169730761481048 [8, 8, 92]
8.173704474755894 [9, 9, 91]
8.188731824309693 [8, 8, 92]
8.189258455902632 [9, 9, 91]
8.202969298405112 [10, 10, 90]
8.204688344878221 [9, 9, 91]
8.206184241534878 [8, 8, 92]
8.20654268813032 [7, 7, 93]
8.206599938964636 [6, 6, 94]
8.213356679849047 [7, 7, 93]
8.215466151386027 [6, 6, 94]
8.220738481996873 [7, 7, 93]
8.22417383001903 [8, 8, 92]
8.237561877893533 [7, 7, 93]
8.239700167481768 [8, 8, 92]
8.242293654753647 [7, 7, 93]
8.245049243307625 [8, 8, 92]
8.24632237102541 [7, 7, 93]
8.250984049732198 [6, 6, 94]
8.2527671946527 [7, 7, 93]
8.258763600206395 [6, 6, 94]
8.2638931744368 [7, 7, 93]
8.265013639530675 [8, 8, 92]
8.270604038324922 [9, 9, 91]
8.273107220694898 [10, 10, 90]
8.276041831345426 [9, 9, 91]
8.277757130741884 [8, 8, 92]
8.288839232092922 [9, 9, 91]
8.292175421909919 [8, 8, 92]
8.297556704736897 [9, 9, 91]
8.300522799236719 [10, 10, 90]
8.303187278366957 [11, 11, 89]
8.312995792347659 [12, 12, 88]
8.314399182138933 [13, 13, 87]
8.31877848232868 [12, 12, 88]
8.322331648867086 [11, 11, 89]
8.325595772368738 [12, 12, 88]
8.32657909632231 [13, 13, 87]
8.327275684844217 [14, 14, 86]
8.327659907563046 [13, 13, 87]
8.327890667985612 [14, 14, 86]
8.332556392830524 [15, 15, 85]
8.340514936383764 [14, 14, 86]
8.34202415803396 [13, 13, 87]
8.342224362951434 [12, 12, 88]
8.346393873259599 [11, 11, 89]
8.350927713295587 [10, 10, 90]
8.352701564768601 [11, 11, 89]
8.354831118387228 [10, 10, 90]
8.356409355388141 [9, 9, 91]
8.359652259569867 [10, 10, 90]
8.360332882713278 [9, 9, 91]
8.364960926473518 [10, 10, 90]
8.365213576266715 [11, 11, 89]
8.370084732967666 [10, 10, 90]
8.371674809306672 [9, 9, 91]
8.373640337919856 [10, 10, 90]
8.38182136700379 [9, 9, 91]
8.39433876895739 [10, 10, 90]
8.39712570669993 [9, 9, 91]
8.397386646503202 [10, 10, 90]
8.408243226558383 [9, 9, 91]
8.409160671671344 [10, 10, 90]
8.410762677372105 [11, 11, 89]
8.417315577866443 [12, 12, 88]
8.4223141211387 [13, 13, 87]
8.424078761757366 [12, 12, 88]
8.426798607822588 [11, 11, 89]
8.434924535558222 [12, 12, 88]
8.439133476998503 [11, 11, 89]
8.44130120570118 [12, 12, 88]
8.44552094331202 [13, 13, 87]
8.449159294010581 [14, 14, 86]
8.45743971896633 [13, 13, 87]
8.4614140485362 [14, 14, 86]
8.461688998819582 [15, 15, 85]
8.465252242791138 [14, 14, 86]
8.468846438738746 [15, 15, 85]
8.472646029407015 [14, 14, 86]
8.475247980420196 [13, 13, 87]
8.47720779729736 [12, 12, 88]
8.48263791474894 [11, 11, 89]
8.484163476394631 [12, 12, 88]
8.486538662224376 [13, 13, 87]
8.487232488295927 [12, 12, 88]
8.489588252155551 [11, 11, 89]
8.491771711606706 [12, 12, 88]
8.498595338254924 [11, 11, 89]
8.510004793683525 [10, 10, 90]
8.513244818066953 [9, 9, 91]
8.516533198558202 [8, 8, 92]
8.523796103321992 [9, 9, 91]
8.529796487003013 [8, 8, 92]
8.544950461628702 [9, 9, 91]
8.548811917686011 [10, 10, 90]
8.555454045645684 [9, 9, 91]
8.55981368826416 [10, 10, 90]
8.565329527781838 [9, 9, 91]
8.565975892986494 [8, 8, 92]
8.566027036153743 [9, 9, 91]
8.567008508488431 [8, 8, 92]
8.567785698895781 [9, 9, 91]
8.567970062991341 [10, 10, 90]
8.57049026645272 [9, 9, 91]
8.578218815391324 [10, 10, 90]
8.58806971152991 [11, 11, 89]
8.590410170507253 [10, 10, 90]
8.603168110921139 [9, 9, 91]
8.604134958649325 [8, 8, 92]
8.612354677135377 [9, 9, 91]
8.620609395352025 [8, 8, 92]
8.622357579867892 [7, 7, 93]
8.623841309400479 [8, 8, 92]
8.6292118680437 [7, 7, 93]
8.6338631248762 [6, 6, 94]
8.638712372235325 [7, 7, 93]
8.640709913827193 [8, 8, 92]
8.642379641666217 [7, 7, 93]
8.64806781756819 [8, 8, 92]
8.65003014955944 [9, 9, 91]
8.671528994171261 [8, 8, 92]
8.672339362152554 [9, 9, 91]
8.677136007723126 [10, 10, 90]
8.67847997769901 [9, 9, 91]
8.680714519333174 [10, 10, 90]
8.683682279579244 [11, 11, 89]
8.692828833118972 [12, 12, 88]
8.70045987708313 [11, 11, 89]
8.703629538968052 [10, 10, 90]
8.708694461460961 [9, 9, 91]
8.71819571392774 [10, 10, 90]
8.730853708624458 [9, 9, 91]
8.736422808807463 [10, 10, 90]
8.747407010196182 [11, 11, 89]
8.749340162996845 [10, 10, 90]
8.750963668636505 [9, 9, 91]
8.753872916182171 [10, 10, 90]
8.763377669043628 [9, 9, 91]
8.769939681083883 [8, 8, 92]
8.770005072489163 [9, 9, 91]
8.787111485734533 [8, 8, 92]
8.795635267193493 [7, 7, 93]
8.805542197296353 [8, 8, 92]
8.816711882170313 [7, 7, 93]
8.820611321098676 [6, 6, 94]
8.827049713300026 [7, 7, 93]
8.831945128264946 [8, 8, 92]
8.842927600464243 [9, 9, 91]
8.846630667321337 [8, 8, 92]
8.848590820851687 [7, 7, 93]
8.859244607944692 [8, 8, 92]
8.863169459834289 [9, 9, 91]
8.865347584072223 [10, 10, 90]
8.87128172447825 [11, 11, 89]
8.8776484655066 [10, 10, 90]
8.88598787280054 [9, 9, 91]
8.895430574321551 [10, 10, 90]
8.904655247371435 [9, 9, 91]
8.905598884786322 [8, 8, 92]
8.915088024873173 [7, 7, 93]
8.91794188714168 [8, 8, 92]
8.924722772553695 [7, 7, 93]
8.925405807462951 [8, 8, 92]
8.932447811889741 [9, 9, 91]
8.942434357682949 [8, 8, 92]
8.944476533555637 [7, 7, 93]
8.948134019208211 [6, 6, 94]
8.949180941730773 [5, 5, 95]
8.954729829540916 [6, 6, 94]
8.966536392267106 [7, 7, 93]
8.975232832954164 [6, 6, 94]
8.98670229793572 [7, 7, 93]
8.988665160578112 [6, 6, 94]
9.00177884193696 [7, 7, 93]
9.017211798491706 [6, 6, 94]
9.032079461129928 [7, 7, 93]
9.040164103897265 [8, 8, 92]
9.040621477102452 [7, 7, 93]
9.056615047621529 [6, 6, 94]
9.0627646991947 [7, 7, 93]
9.081636284468733 [8, 8, 92]
9.082235399504036 [9, 9, 91]
9.0830734182485 [8, 8, 92]
9.08558741875905 [9, 9, 91]
9.090407525444094 [8, 8, 92]
9.108729115267225 [7, 7, 93]
9.116831124750817 [8, 8, 92]
9.11841707410573 [9, 9, 91]
9.120256830732808 [8, 8, 92]
9.121889973923473 [7, 7, 93]
9.125351440250935 [8, 8, 92]
9.126409911436514 [9, 9, 91]
9.129208936674063 [10, 10, 90]
9.129665949394107 [11, 11, 89]
9.142437697116758 [12, 12, 88]
9.14552428482891 [13, 13, 87]
9.147731526675662 [12, 12, 88]
9.151428875945554 [11, 11, 89]
9.15211735129586 [12, 12, 88]
9.15786537744088 [11, 11, 89]
9.163674010429238 [12, 12, 88]
9.165914371503018 [13, 13, 87]
9.182084540264979 [12, 12, 88]
9.195808595985037 [13, 13, 87]
9.198725576056074 [12, 12, 88]
9.201104804728779 [13, 13, 87]
9.204060130819139 [12, 12, 88]
9.206569019825904 [13, 13, 87]
9.207103750407294 [12, 12, 88]
9.209339695036162 [11, 11, 89]
9.212783363266523 [10, 10, 90]
9.224503812360238 [9, 9, 91]
9.227826092584369 [8, 8, 92]
9.229320618510457 [9, 9, 91]
9.258943066975647 [8, 8, 92]
9.266893739343955 [9, 9, 91]
9.271852829313419 [8, 8, 92]
9.272023378867129 [9, 9, 91]
9.28159278490704 [8, 8, 92]
9.291263595217657 [9, 9, 91]
9.2945844913491 [10, 10, 90]
9.300287299801644 [9, 9, 91]
9.301251254917444 [8, 8, 92]
9.301813773414306 [7, 7, 93]
9.302223714069665 [6, 6, 94]
9.305521122728313 [7, 7, 93]
9.307892530229624 [6, 6, 94]
9.335235053796678 [7, 7, 93]
9.344142162119695 [8, 8, 92]
9.353717207808781 [9, 9, 91]
9.356737659850797 [8, 8, 92]
9.358682050710039 [7, 7, 93]
9.380692374163388 [6, 6, 94]
9.387979961364938 [5, 5, 95]
9.392108502731245 [6, 6, 94]
9.403188071541182 [7, 7, 93]
9.422022154569438 [8, 8, 92]
9.433371186452053 [9, 9, 91]
9.43844910754973 [10, 10, 90]
9.441115956743742 [11, 11, 89]
9.448390243465493 [12, 12, 88]
9.449720563263037 [11, 11, 89]
9.460302613952443 [10, 10, 90]
9.465663614557672 [9, 9, 91]
9.466432401194567 [8, 8, 92]
9.467968796999513 [9, 9, 91]
9.46845267772755 [10, 10, 90]
9.472109984286577 [11, 11, 89]
9.481870466059265 [10, 10, 90]
9.485353973392149 [11, 11, 89]
9.490680792018066 [10, 10, 90]
9.491073541252991 [11, 11, 89]
9.51739701547374 [12, 12, 88]
9.517398151935087 [13, 13, 87]
9.522388678433638 [14, 14, 86]
9.523857510794715 [15, 15, 85]
9.52656213177289 [14, 14, 86]
9.544748445934303 [13, 13, 87]
9.544968091693224 [14, 14, 86]
9.546200454148066 [13, 13, 87]
9.547106417853152 [12, 12, 88]
9.582489644392297 [13, 13, 87]
9.587682633687793 [12, 12, 88]
9.600262535701377 [13, 13, 87]
9.61200370403041 [14, 14, 86]
9.61364707808534 [13, 13, 87]
9.613743517710132 [12, 12, 88]
9.628770708984655 [11, 11, 89]
9.629333201135424 [12, 12, 88]
9.633771400643413 [11, 11, 89]
9.640341257948974 [12, 12, 88]
9.640969056544819 [11, 11, 89]
9.644388136916731 [12, 12, 88]
9.645404859579767 [13, 13, 87]
9.647805273940433 [14, 14, 86]
9.648665882806906 [15, 15, 85]
9.649161112870333 [16, 16, 84]
9.657730259110243 [15, 15, 85]
9.664021286940297 [14, 14, 86]
9.67041036051711 [13, 13, 87]
9.671723250052485 [14, 14, 86]
9.673907591601639 [13, 13, 87]
9.675811691105858 [12, 12, 88]
9.67718673078319 [11, 11, 89]
9.678453582809546 [10, 10, 90]
9.682875449809083 [9, 9, 91]
9.685313088001942 [8, 8, 92]
9.689098455543574 [9, 9, 91]
9.70226241514313 [8, 8, 92]
9.703430707646207 [7, 7, 93]
9.710389521273925 [8, 8, 92]
9.715118202262422 [9, 9, 91]
9.727352065294657 [8, 8, 92]
9.734014873944933 [9, 9, 91]
9.737336521265592 [10, 10, 90]
9.737425519642988 [9, 9, 91]
9.740357682104984 [8, 8, 92]
9.741343805667524 [9, 9, 91]
9.741857413992483 [8, 8, 92]
9.74439584649833 [9, 9, 91]
9.744884603984271 [8, 8, 92]
9.747734568017526 [9, 9, 91]
9.771826752000313 [10, 10, 90]
9.775575772354339 [9, 9, 91]
9.777187586087477 [8, 8, 92]
9.786833224557952 [9, 9, 91]
9.791435530327147 [8, 8, 92]
9.804731327620587 [9, 9, 91]
9.806324921008319 [8, 8, 92]
9.808095693776318 [7, 7, 93]
9.824584321970617 [8, 8, 92]
9.8253275648555 [7, 7, 93]
9.830224192832356 [8, 8, 92]
9.832960765292032 [7, 7, 93]
9.835618647243765 [8, 8, 92]
9.842428140656002 [7, 7, 93]
9.856332287943529 [8, 8, 92]
9.881585388740298 [9, 9, 91]
9.882144680304988 [8, 8, 92]
9.884745661133906 [7, 7, 93]
9.88951481202461 [8, 8, 92]
9.8982500222874 [7, 7, 93]
9.898351967576174 [8, 8, 92]
9.904029512613628 [7, 7, 93]
9.909390239076904 [8, 8, 92]
9.918018356321307 [9, 9, 91]
9.924935278108393 [10, 10, 90]
9.9309915778448 [11, 11, 89]
9.933830788513317 [10, 10, 90]
9.943881789939331 [11, 11, 89]
9.95139288591331 [12, 12, 88]
9.952596444983008 [13, 13, 87]
9.955746539445562 [14, 14, 86]
9.95717793630003 [13, 13, 87]
9.957941635260855 [12, 12, 88]
9.970295709017266 [11, 11, 89]
9.982221178493065 [10, 10, 90]
9.984597361080704 [9, 9, 91]
9.985275612435448 [8, 8, 92]
9.985761129078876 [7, 7, 93]
9.988736198463515 [6, 6, 94]
10.006369427626923 [7, 7, 93]
